3998
8488
2849
11795
7484
9557
8458
9716
10042
9189
160
1958
1030
1159
1007
1568
1866
1795
1399
1197
1992
2217
1823
2490
2376
2288
3409
3064
3021
2930
3184
3390
2471
3416
4653
5419
4604
6193
4284
2672
3698
4964
5091
7967
4243
11005
6876
6117
4761
9379
8885
8387
9135
17725
7919
11369
16049
1519
1998
4678
1025
933
759
636
1142
1049
992
860
1109
932
1376
1270
1171
800
1060
1425
1525
6077
1301
2221
1503
1584
1711
1349
1357
1344
1490
9284
2114
1050
4752
2738
2451
1468
1762
4843
1509
2435
1887
1635
1457
0
1445
2732
2040
4156
1628
1820
1914
2203
2082
2281
2378
2542
3178
1793
3011
6766
2020
4952
5922
2139
4295
3140
3338
3058
4556
2199
1506
1445
1321
1425
1392
1466
607
4842
5755
1112
698
749
1078
1759
2013
1813
2006
1969
2028
2417
19268
10056
7390
9311
16002
14803
1824
1924
1334
1355
1637
1464
1429
1502
1576
1057
1815
1876
1876
2993
4774
1942
1963
1918
2683
2317
2453
2577
2605
2456
2551
3049
3162
2987
3155
3824
3651
19979
2169
7787
1282
1264
1998
1173
1339
1549
1093
1530
1972
1735
1678
1430
1887
3510
1483
1667
2589
1026
5929
1786
2949
1567
1749
1988
2143
15468
2234
2816
2424
2911
3075
1940
81
114
65
94
66
300
46
61
91
100
85
273
484
138
56
